{
 "cells": [
  {
   "cell_type": "code",
   "execution_count": 1,
   "metadata": {},
   "outputs": [],
   "source": [
    "# Dependencies\n",
    "import pandas as pd"
   ]
  },
  {
   "cell_type": "code",
   "execution_count": 2,
   "metadata": {},
   "outputs": [],
   "source": [
    "# File to load\n",
    "filePath = \"pokemon.csv\""
   ]
  },
  {
   "cell_type": "code",
   "execution_count": 6,
   "metadata": {},
   "outputs": [
    {
     "data": {
      "text/html": [
       "<div>\n",
       "<style scoped>\n",
       "    .dataframe tbody tr th:only-of-type {\n",
       "        vertical-align: middle;\n",
       "    }\n",
       "\n",
       "    .dataframe tbody tr th {\n",
       "        vertical-align: top;\n",
       "    }\n",
       "\n",
       "    .dataframe thead th {\n",
       "        text-align: right;\n",
       "    }\n",
       "</style>\n",
       "<table border=\"1\" class=\"dataframe\">\n",
       "  <thead>\n",
       "    <tr style=\"text-align: right;\">\n",
       "      <th></th>\n",
       "      <th>#</th>\n",
       "      <th>Name</th>\n",
       "      <th>Type 1</th>\n",
       "      <th>Type 2</th>\n",
       "      <th>Total</th>\n",
       "      <th>HP</th>\n",
       "      <th>Attack</th>\n",
       "      <th>Defense</th>\n",
       "      <th>Sp. Atk</th>\n",
       "      <th>Sp. Def</th>\n",
       "      <th>Speed</th>\n",
       "      <th>Generation</th>\n",
       "      <th>Legendary</th>\n",
       "    </tr>\n",
       "  </thead>\n",
       "  <tbody>\n",
       "    <tr>\n",
       "      <th>0</th>\n",
       "      <td>1</td>\n",
       "      <td>Bulbasaur</td>\n",
       "      <td>Grass</td>\n",
       "      <td>Poison</td>\n",
       "      <td>318</td>\n",
       "      <td>45</td>\n",
       "      <td>49</td>\n",
       "      <td>49</td>\n",
       "      <td>65</td>\n",
       "      <td>65</td>\n",
       "      <td>45</td>\n",
       "      <td>1</td>\n",
       "      <td>False</td>\n",
       "    </tr>\n",
       "    <tr>\n",
       "      <th>1</th>\n",
       "      <td>2</td>\n",
       "      <td>Ivysaur</td>\n",
       "      <td>Grass</td>\n",
       "      <td>Poison</td>\n",
       "      <td>405</td>\n",
       "      <td>60</td>\n",
       "      <td>62</td>\n",
       "      <td>63</td>\n",
       "      <td>80</td>\n",
       "      <td>80</td>\n",
       "      <td>60</td>\n",
       "      <td>1</td>\n",
       "      <td>False</td>\n",
       "    </tr>\n",
       "    <tr>\n",
       "      <th>2</th>\n",
       "      <td>3</td>\n",
       "      <td>Venusaur</td>\n",
       "      <td>Grass</td>\n",
       "      <td>Poison</td>\n",
       "      <td>525</td>\n",
       "      <td>80</td>\n",
       "      <td>82</td>\n",
       "      <td>83</td>\n",
       "      <td>100</td>\n",
       "      <td>100</td>\n",
       "      <td>80</td>\n",
       "      <td>1</td>\n",
       "      <td>False</td>\n",
       "    </tr>\n",
       "    <tr>\n",
       "      <th>3</th>\n",
       "      <td>3</td>\n",
       "      <td>VenusaurMega Venusaur</td>\n",
       "      <td>Grass</td>\n",
       "      <td>Poison</td>\n",
       "      <td>625</td>\n",
       "      <td>80</td>\n",
       "      <td>100</td>\n",
       "      <td>123</td>\n",
       "      <td>122</td>\n",
       "      <td>120</td>\n",
       "      <td>80</td>\n",
       "      <td>1</td>\n",
       "      <td>False</td>\n",
       "    </tr>\n",
       "    <tr>\n",
       "      <th>4</th>\n",
       "      <td>4</td>\n",
       "      <td>Charmander</td>\n",
       "      <td>Fire</td>\n",
       "      <td>NaN</td>\n",
       "      <td>309</td>\n",
       "      <td>39</td>\n",
       "      <td>52</td>\n",
       "      <td>43</td>\n",
       "      <td>60</td>\n",
       "      <td>50</td>\n",
       "      <td>65</td>\n",
       "      <td>1</td>\n",
       "      <td>False</td>\n",
       "    </tr>\n",
       "  </tbody>\n",
       "</table>\n",
       "</div>"
      ],
      "text/plain": [
       "   #                   Name Type 1  Type 2  Total  HP  Attack  Defense  \\\n",
       "0  1              Bulbasaur  Grass  Poison    318  45      49       49   \n",
       "1  2                Ivysaur  Grass  Poison    405  60      62       63   \n",
       "2  3               Venusaur  Grass  Poison    525  80      82       83   \n",
       "3  3  VenusaurMega Venusaur  Grass  Poison    625  80     100      123   \n",
       "4  4             Charmander   Fire     NaN    309  39      52       43   \n",
       "\n",
       "   Sp. Atk  Sp. Def  Speed  Generation  Legendary  \n",
       "0       65       65     45           1      False  \n",
       "1       80       80     60           1      False  \n",
       "2      100      100     80           1      False  \n",
       "3      122      120     80           1      False  \n",
       "4       60       50     65           1      False  "
      ]
     },
     "execution_count": 6,
     "metadata": {},
     "output_type": "execute_result"
    }
   ],
   "source": [
    "# Read with Pandas\n",
    "pokemon_df = pd.read_csv(filePath, encoding=\"ISO-8859-1\")\n",
    "pokemon_df.head()"
   ]
  },
  {
   "cell_type": "code",
   "execution_count": 8,
   "metadata": {},
   "outputs": [
    {
     "data": {
      "text/html": [
       "<div>\n",
       "<style scoped>\n",
       "    .dataframe tbody tr th:only-of-type {\n",
       "        vertical-align: middle;\n",
       "    }\n",
       "\n",
       "    .dataframe tbody tr th {\n",
       "        vertical-align: top;\n",
       "    }\n",
       "\n",
       "    .dataframe thead th {\n",
       "        text-align: right;\n",
       "    }\n",
       "</style>\n",
       "<table border=\"1\" class=\"dataframe\">\n",
       "  <thead>\n",
       "    <tr style=\"text-align: right;\">\n",
       "      <th></th>\n",
       "      <th>Type 1</th>\n",
       "      <th>HP</th>\n",
       "      <th>Attack</th>\n",
       "      <th>Sp. Atk</th>\n",
       "      <th>Sp. Def</th>\n",
       "      <th>Speed</th>\n",
       "    </tr>\n",
       "  </thead>\n",
       "  <tbody>\n",
       "    <tr>\n",
       "      <th>0</th>\n",
       "      <td>Grass</td>\n",
       "      <td>45</td>\n",
       "      <td>49</td>\n",
       "      <td>65</td>\n",
       "      <td>65</td>\n",
       "      <td>45</td>\n",
       "    </tr>\n",
       "    <tr>\n",
       "      <th>1</th>\n",
       "      <td>Grass</td>\n",
       "      <td>60</td>\n",
       "      <td>62</td>\n",
       "      <td>80</td>\n",
       "      <td>80</td>\n",
       "      <td>60</td>\n",
       "    </tr>\n",
       "    <tr>\n",
       "      <th>2</th>\n",
       "      <td>Grass</td>\n",
       "      <td>80</td>\n",
       "      <td>82</td>\n",
       "      <td>100</td>\n",
       "      <td>100</td>\n",
       "      <td>80</td>\n",
       "    </tr>\n",
       "    <tr>\n",
       "      <th>3</th>\n",
       "      <td>Grass</td>\n",
       "      <td>80</td>\n",
       "      <td>100</td>\n",
       "      <td>122</td>\n",
       "      <td>120</td>\n",
       "      <td>80</td>\n",
       "    </tr>\n",
       "    <tr>\n",
       "      <th>6</th>\n",
       "      <td>Fire</td>\n",
       "      <td>78</td>\n",
       "      <td>84</td>\n",
       "      <td>109</td>\n",
       "      <td>85</td>\n",
       "      <td>100</td>\n",
       "    </tr>\n",
       "  </tbody>\n",
       "</table>\n",
       "</div>"
      ],
      "text/plain": [
       "  Type 1  HP  Attack  Sp. Atk  Sp. Def  Speed\n",
       "0  Grass  45      49       65       65     45\n",
       "1  Grass  60      62       80       80     60\n",
       "2  Grass  80      82      100      100     80\n",
       "3  Grass  80     100      122      120     80\n",
       "6   Fire  78      84      109       85    100"
      ]
     },
     "execution_count": 8,
     "metadata": {},
     "output_type": "execute_result"
    }
   ],
   "source": [
    "#Getting rid of NaN\n",
    "pokemon_df = pokemon_df.dropna(how=\"any\")\n",
    "\n",
    "# Extract the following columns: \"Type 1\", \"HP\", \"Attack\", \"Sp. Atk\", \"Sp. Def\", and \"Speed\"\n",
    "pokemon_df_extract = pokemon_df[[\"Type 1\", \"HP\", \"Attack\", \"Sp. Atk\", \"Sp. Def\", \"Speed\"]]\n",
    "pokemon_df_extract.head()"
   ]
  },
  {
   "cell_type": "code",
   "execution_count": 20,
   "metadata": {},
   "outputs": [
    {
     "data": {
      "text/html": [
       "<div>\n",
       "<style scoped>\n",
       "    .dataframe tbody tr th:only-of-type {\n",
       "        vertical-align: middle;\n",
       "    }\n",
       "\n",
       "    .dataframe tbody tr th {\n",
       "        vertical-align: top;\n",
       "    }\n",
       "\n",
       "    .dataframe thead th {\n",
       "        text-align: right;\n",
       "    }\n",
       "</style>\n",
       "<table border=\"1\" class=\"dataframe\">\n",
       "  <thead>\n",
       "    <tr style=\"text-align: right;\">\n",
       "      <th></th>\n",
       "      <th>HP</th>\n",
       "      <th>Attack</th>\n",
       "      <th>Sp. Atk</th>\n",
       "      <th>Sp. Def</th>\n",
       "      <th>Speed</th>\n",
       "    </tr>\n",
       "    <tr>\n",
       "      <th>Type 1</th>\n",
       "      <th></th>\n",
       "      <th></th>\n",
       "      <th></th>\n",
       "      <th></th>\n",
       "      <th></th>\n",
       "    </tr>\n",
       "  </thead>\n",
       "  <tbody>\n",
       "    <tr>\n",
       "      <th>Bug</th>\n",
       "      <td>58.134615</td>\n",
       "      <td>77.711538</td>\n",
       "      <td>58.634615</td>\n",
       "      <td>71.711538</td>\n",
       "      <td>66.173077</td>\n",
       "    </tr>\n",
       "    <tr>\n",
       "      <th>Dark</th>\n",
       "      <td>69.809524</td>\n",
       "      <td>88.190476</td>\n",
       "      <td>71.476190</td>\n",
       "      <td>73.238095</td>\n",
       "      <td>73.047619</td>\n",
       "    </tr>\n",
       "    <tr>\n",
       "      <th>Dragon</th>\n",
       "      <td>94.571429</td>\n",
       "      <td>122.571429</td>\n",
       "      <td>116.238095</td>\n",
       "      <td>97.857143</td>\n",
       "      <td>94.666667</td>\n",
       "    </tr>\n",
       "    <tr>\n",
       "      <th>Electric</th>\n",
       "      <td>59.470588</td>\n",
       "      <td>68.882353</td>\n",
       "      <td>108.882353</td>\n",
       "      <td>85.352941</td>\n",
       "      <td>84.470588</td>\n",
       "    </tr>\n",
       "    <tr>\n",
       "      <th>Fairy</th>\n",
       "      <td>70.000000</td>\n",
       "      <td>45.000000</td>\n",
       "      <td>100.000000</td>\n",
       "      <td>110.000000</td>\n",
       "      <td>60.000000</td>\n",
       "    </tr>\n",
       "    <tr>\n",
       "      <th>Fighting</th>\n",
       "      <td>66.142857</td>\n",
       "      <td>95.857143</td>\n",
       "      <td>82.571429</td>\n",
       "      <td>69.857143</td>\n",
       "      <td>88.285714</td>\n",
       "    </tr>\n",
       "    <tr>\n",
       "      <th>Fire</th>\n",
       "      <td>78.291667</td>\n",
       "      <td>92.166667</td>\n",
       "      <td>105.458333</td>\n",
       "      <td>80.166667</td>\n",
       "      <td>76.791667</td>\n",
       "    </tr>\n",
       "    <tr>\n",
       "      <th>Flying</th>\n",
       "      <td>62.500000</td>\n",
       "      <td>50.000000</td>\n",
       "      <td>71.000000</td>\n",
       "      <td>60.000000</td>\n",
       "      <td>89.000000</td>\n",
       "    </tr>\n",
       "    <tr>\n",
       "      <th>Ghost</th>\n",
       "      <td>71.318182</td>\n",
       "      <td>72.545455</td>\n",
       "      <td>82.045455</td>\n",
       "      <td>70.590909</td>\n",
       "      <td>69.500000</td>\n",
       "    </tr>\n",
       "    <tr>\n",
       "      <th>Grass</th>\n",
       "      <td>69.837838</td>\n",
       "      <td>77.135135</td>\n",
       "      <td>81.243243</td>\n",
       "      <td>75.351351</td>\n",
       "      <td>62.108108</td>\n",
       "    </tr>\n",
       "    <tr>\n",
       "      <th>Ground</th>\n",
       "      <td>80.000000</td>\n",
       "      <td>101.315789</td>\n",
       "      <td>62.421053</td>\n",
       "      <td>67.578947</td>\n",
       "      <td>68.842105</td>\n",
       "    </tr>\n",
       "    <tr>\n",
       "      <th>Ice</th>\n",
       "      <td>76.818182</td>\n",
       "      <td>69.090909</td>\n",
       "      <td>75.000000</td>\n",
       "      <td>69.090909</td>\n",
       "      <td>67.727273</td>\n",
       "    </tr>\n",
       "    <tr>\n",
       "      <th>Normal</th>\n",
       "      <td>70.972973</td>\n",
       "      <td>72.972973</td>\n",
       "      <td>56.432432</td>\n",
       "      <td>57.756757</td>\n",
       "      <td>75.000000</td>\n",
       "    </tr>\n",
       "    <tr>\n",
       "      <th>Poison</th>\n",
       "      <td>68.692308</td>\n",
       "      <td>77.461538</td>\n",
       "      <td>63.923077</td>\n",
       "      <td>67.307692</td>\n",
       "      <td>74.076923</td>\n",
       "    </tr>\n",
       "    <tr>\n",
       "      <th>Psychic</th>\n",
       "      <td>66.789474</td>\n",
       "      <td>84.473684</td>\n",
       "      <td>98.105263</td>\n",
       "      <td>94.052632</td>\n",
       "      <td>86.736842</td>\n",
       "    </tr>\n",
       "    <tr>\n",
       "      <th>Rock</th>\n",
       "      <td>64.914286</td>\n",
       "      <td>90.171429</td>\n",
       "      <td>69.200000</td>\n",
       "      <td>79.885714</td>\n",
       "      <td>61.828571</td>\n",
       "    </tr>\n",
       "    <tr>\n",
       "      <th>Steel</th>\n",
       "      <td>65.954545</td>\n",
       "      <td>93.318182</td>\n",
       "      <td>68.318182</td>\n",
       "      <td>78.045455</td>\n",
       "      <td>55.545455</td>\n",
       "    </tr>\n",
       "    <tr>\n",
       "      <th>Water</th>\n",
       "      <td>77.867925</td>\n",
       "      <td>76.735849</td>\n",
       "      <td>76.886792</td>\n",
       "      <td>76.622642</td>\n",
       "      <td>63.830189</td>\n",
       "    </tr>\n",
       "  </tbody>\n",
       "</table>\n",
       "</div>"
      ],
      "text/plain": [
       "                 HP      Attack     Sp. Atk     Sp. Def      Speed\n",
       "Type 1                                                            \n",
       "Bug       58.134615   77.711538   58.634615   71.711538  66.173077\n",
       "Dark      69.809524   88.190476   71.476190   73.238095  73.047619\n",
       "Dragon    94.571429  122.571429  116.238095   97.857143  94.666667\n",
       "Electric  59.470588   68.882353  108.882353   85.352941  84.470588\n",
       "Fairy     70.000000   45.000000  100.000000  110.000000  60.000000\n",
       "Fighting  66.142857   95.857143   82.571429   69.857143  88.285714\n",
       "Fire      78.291667   92.166667  105.458333   80.166667  76.791667\n",
       "Flying    62.500000   50.000000   71.000000   60.000000  89.000000\n",
       "Ghost     71.318182   72.545455   82.045455   70.590909  69.500000\n",
       "Grass     69.837838   77.135135   81.243243   75.351351  62.108108\n",
       "Ground    80.000000  101.315789   62.421053   67.578947  68.842105\n",
       "Ice       76.818182   69.090909   75.000000   69.090909  67.727273\n",
       "Normal    70.972973   72.972973   56.432432   57.756757  75.000000\n",
       "Poison    68.692308   77.461538   63.923077   67.307692  74.076923\n",
       "Psychic   66.789474   84.473684   98.105263   94.052632  86.736842\n",
       "Rock      64.914286   90.171429   69.200000   79.885714  61.828571\n",
       "Steel     65.954545   93.318182   68.318182   78.045455  55.545455\n",
       "Water     77.867925   76.735849   76.886792   76.622642  63.830189"
      ]
     },
     "execution_count": 20,
     "metadata": {},
     "output_type": "execute_result"
    }
   ],
   "source": [
    "# Create a dataframe of the average stats for each type of pokemon.\n",
    "pokemon_avg_stats_df = (pokemon_df_extract.groupby([\"Type 1\"])).mean().sort_index()\n",
    "pokemon_avg_stats_df"
   ]
  },
  {
   "cell_type": "code",
   "execution_count": 29,
   "metadata": {},
   "outputs": [
    {
     "data": {
      "text/html": [
       "<div>\n",
       "<style scoped>\n",
       "    .dataframe tbody tr th:only-of-type {\n",
       "        vertical-align: middle;\n",
       "    }\n",
       "\n",
       "    .dataframe tbody tr th {\n",
       "        vertical-align: top;\n",
       "    }\n",
       "\n",
       "    .dataframe thead th {\n",
       "        text-align: right;\n",
       "    }\n",
       "</style>\n",
       "<table border=\"1\" class=\"dataframe\">\n",
       "  <thead>\n",
       "    <tr style=\"text-align: right;\">\n",
       "      <th></th>\n",
       "      <th>Type 1</th>\n",
       "      <th>HP</th>\n",
       "      <th>Attack</th>\n",
       "      <th>Sp. Atk</th>\n",
       "      <th>Sp. Def</th>\n",
       "      <th>Speed</th>\n",
       "      <th>Total Power</th>\n",
       "    </tr>\n",
       "  </thead>\n",
       "  <tbody>\n",
       "    <tr>\n",
       "      <th>0</th>\n",
       "      <td>Dragon</td>\n",
       "      <td>94.571429</td>\n",
       "      <td>122.571429</td>\n",
       "      <td>116.238095</td>\n",
       "      <td>97.857143</td>\n",
       "      <td>94.666667</td>\n",
       "      <td>1051.809524</td>\n",
       "    </tr>\n",
       "    <tr>\n",
       "      <th>1</th>\n",
       "      <td>Fire</td>\n",
       "      <td>78.291667</td>\n",
       "      <td>92.166667</td>\n",
       "      <td>105.458333</td>\n",
       "      <td>80.166667</td>\n",
       "      <td>76.791667</td>\n",
       "      <td>865.750000</td>\n",
       "    </tr>\n",
       "    <tr>\n",
       "      <th>2</th>\n",
       "      <td>Psychic</td>\n",
       "      <td>66.789474</td>\n",
       "      <td>84.473684</td>\n",
       "      <td>98.105263</td>\n",
       "      <td>94.052632</td>\n",
       "      <td>86.736842</td>\n",
       "      <td>860.315789</td>\n",
       "    </tr>\n",
       "    <tr>\n",
       "      <th>3</th>\n",
       "      <td>Electric</td>\n",
       "      <td>59.470588</td>\n",
       "      <td>68.882353</td>\n",
       "      <td>108.882353</td>\n",
       "      <td>85.352941</td>\n",
       "      <td>84.470588</td>\n",
       "      <td>814.117647</td>\n",
       "    </tr>\n",
       "    <tr>\n",
       "      <th>4</th>\n",
       "      <td>Fighting</td>\n",
       "      <td>66.142857</td>\n",
       "      <td>95.857143</td>\n",
       "      <td>82.571429</td>\n",
       "      <td>69.857143</td>\n",
       "      <td>88.285714</td>\n",
       "      <td>805.428571</td>\n",
       "    </tr>\n",
       "    <tr>\n",
       "      <th>5</th>\n",
       "      <td>Fairy</td>\n",
       "      <td>70.000000</td>\n",
       "      <td>45.000000</td>\n",
       "      <td>100.000000</td>\n",
       "      <td>110.000000</td>\n",
       "      <td>60.000000</td>\n",
       "      <td>770.000000</td>\n",
       "    </tr>\n",
       "    <tr>\n",
       "      <th>6</th>\n",
       "      <td>Ground</td>\n",
       "      <td>80.000000</td>\n",
       "      <td>101.315789</td>\n",
       "      <td>62.421053</td>\n",
       "      <td>67.578947</td>\n",
       "      <td>68.842105</td>\n",
       "      <td>760.315789</td>\n",
       "    </tr>\n",
       "    <tr>\n",
       "      <th>7</th>\n",
       "      <td>Dark</td>\n",
       "      <td>69.809524</td>\n",
       "      <td>88.190476</td>\n",
       "      <td>71.476190</td>\n",
       "      <td>73.238095</td>\n",
       "      <td>73.047619</td>\n",
       "      <td>751.523810</td>\n",
       "    </tr>\n",
       "    <tr>\n",
       "      <th>8</th>\n",
       "      <td>Water</td>\n",
       "      <td>77.867925</td>\n",
       "      <td>76.735849</td>\n",
       "      <td>76.886792</td>\n",
       "      <td>76.622642</td>\n",
       "      <td>63.830189</td>\n",
       "      <td>743.886792</td>\n",
       "    </tr>\n",
       "    <tr>\n",
       "      <th>9</th>\n",
       "      <td>Rock</td>\n",
       "      <td>64.914286</td>\n",
       "      <td>90.171429</td>\n",
       "      <td>69.200000</td>\n",
       "      <td>79.885714</td>\n",
       "      <td>61.828571</td>\n",
       "      <td>732.000000</td>\n",
       "    </tr>\n",
       "    <tr>\n",
       "      <th>10</th>\n",
       "      <td>Ghost</td>\n",
       "      <td>71.318182</td>\n",
       "      <td>72.545455</td>\n",
       "      <td>82.045455</td>\n",
       "      <td>70.590909</td>\n",
       "      <td>69.500000</td>\n",
       "      <td>732.000000</td>\n",
       "    </tr>\n",
       "    <tr>\n",
       "      <th>11</th>\n",
       "      <td>Grass</td>\n",
       "      <td>69.837838</td>\n",
       "      <td>77.135135</td>\n",
       "      <td>81.243243</td>\n",
       "      <td>75.351351</td>\n",
       "      <td>62.108108</td>\n",
       "      <td>731.351351</td>\n",
       "    </tr>\n",
       "    <tr>\n",
       "      <th>12</th>\n",
       "      <td>Steel</td>\n",
       "      <td>65.954545</td>\n",
       "      <td>93.318182</td>\n",
       "      <td>68.318182</td>\n",
       "      <td>78.045455</td>\n",
       "      <td>55.545455</td>\n",
       "      <td>722.363636</td>\n",
       "    </tr>\n",
       "    <tr>\n",
       "      <th>13</th>\n",
       "      <td>Ice</td>\n",
       "      <td>76.818182</td>\n",
       "      <td>69.090909</td>\n",
       "      <td>75.000000</td>\n",
       "      <td>69.090909</td>\n",
       "      <td>67.727273</td>\n",
       "      <td>715.454545</td>\n",
       "    </tr>\n",
       "    <tr>\n",
       "      <th>14</th>\n",
       "      <td>Poison</td>\n",
       "      <td>68.692308</td>\n",
       "      <td>77.461538</td>\n",
       "      <td>63.923077</td>\n",
       "      <td>67.307692</td>\n",
       "      <td>74.076923</td>\n",
       "      <td>702.923077</td>\n",
       "    </tr>\n",
       "    <tr>\n",
       "      <th>15</th>\n",
       "      <td>Normal</td>\n",
       "      <td>70.972973</td>\n",
       "      <td>72.972973</td>\n",
       "      <td>56.432432</td>\n",
       "      <td>57.756757</td>\n",
       "      <td>75.000000</td>\n",
       "      <td>666.270270</td>\n",
       "    </tr>\n",
       "    <tr>\n",
       "      <th>16</th>\n",
       "      <td>Flying</td>\n",
       "      <td>62.500000</td>\n",
       "      <td>50.000000</td>\n",
       "      <td>71.000000</td>\n",
       "      <td>60.000000</td>\n",
       "      <td>89.000000</td>\n",
       "      <td>665.000000</td>\n",
       "    </tr>\n",
       "    <tr>\n",
       "      <th>17</th>\n",
       "      <td>Bug</td>\n",
       "      <td>58.134615</td>\n",
       "      <td>77.711538</td>\n",
       "      <td>58.634615</td>\n",
       "      <td>71.711538</td>\n",
       "      <td>66.173077</td>\n",
       "      <td>664.730769</td>\n",
       "    </tr>\n",
       "  </tbody>\n",
       "</table>\n",
       "</div>"
      ],
      "text/plain": [
       "      Type 1         HP      Attack     Sp. Atk     Sp. Def      Speed  \\\n",
       "0     Dragon  94.571429  122.571429  116.238095   97.857143  94.666667   \n",
       "1       Fire  78.291667   92.166667  105.458333   80.166667  76.791667   \n",
       "2    Psychic  66.789474   84.473684   98.105263   94.052632  86.736842   \n",
       "3   Electric  59.470588   68.882353  108.882353   85.352941  84.470588   \n",
       "4   Fighting  66.142857   95.857143   82.571429   69.857143  88.285714   \n",
       "5      Fairy  70.000000   45.000000  100.000000  110.000000  60.000000   \n",
       "6     Ground  80.000000  101.315789   62.421053   67.578947  68.842105   \n",
       "7       Dark  69.809524   88.190476   71.476190   73.238095  73.047619   \n",
       "8      Water  77.867925   76.735849   76.886792   76.622642  63.830189   \n",
       "9       Rock  64.914286   90.171429   69.200000   79.885714  61.828571   \n",
       "10     Ghost  71.318182   72.545455   82.045455   70.590909  69.500000   \n",
       "11     Grass  69.837838   77.135135   81.243243   75.351351  62.108108   \n",
       "12     Steel  65.954545   93.318182   68.318182   78.045455  55.545455   \n",
       "13       Ice  76.818182   69.090909   75.000000   69.090909  67.727273   \n",
       "14    Poison  68.692308   77.461538   63.923077   67.307692  74.076923   \n",
       "15    Normal  70.972973   72.972973   56.432432   57.756757  75.000000   \n",
       "16    Flying  62.500000   50.000000   71.000000   60.000000  89.000000   \n",
       "17       Bug  58.134615   77.711538   58.634615   71.711538  66.173077   \n",
       "\n",
       "    Total Power  \n",
       "0   1051.809524  \n",
       "1    865.750000  \n",
       "2    860.315789  \n",
       "3    814.117647  \n",
       "4    805.428571  \n",
       "5    770.000000  \n",
       "6    760.315789  \n",
       "7    751.523810  \n",
       "8    743.886792  \n",
       "9    732.000000  \n",
       "10   732.000000  \n",
       "11   731.351351  \n",
       "12   722.363636  \n",
       "13   715.454545  \n",
       "14   702.923077  \n",
       "15   666.270270  \n",
       "16   665.000000  \n",
       "17   664.730769  "
      ]
     },
     "execution_count": 29,
     "metadata": {},
     "output_type": "execute_result"
    }
   ],
   "source": [
    "# Calculate the total power level of each type of pokemon by adding all of the stats together.\n",
    "# Place the results into a new column.\n",
    "pokemon_avg_stats_df[\"Total Power\"] = pokemon_avg_stats_df.sum(axis=1)\n",
    "pokemon_avg_stats_df.reset_index(inplace=True)\n",
    "pokemon_avg_stats_df"
   ]
  },
  {
   "cell_type": "code",
   "execution_count": 28,
   "metadata": {},
   "outputs": [],
   "source": [
    "# Bonus: Sort the table by strongest type and export the resulting table to a new CSV.\n",
    "pokemon_avg_stats_df = pokemon_avg_stats_df.sort_values(by=[\"Total Power\"], ascending=False)"
   ]
  },
  {
   "cell_type": "code",
   "execution_count": null,
   "metadata": {},
   "outputs": [],
   "source": []
  }
 ],
 "metadata": {
  "anaconda-cloud": {},
  "kernelspec": {
   "display_name": "Python 3",
   "language": "python",
   "name": "python3"
  },
  "language_info": {
   "codemirror_mode": {
    "name": "ipython",
    "version": 3
   },
   "file_extension": ".py",
   "mimetype": "text/x-python",
   "name": "python",
   "nbconvert_exporter": "python",
   "pygments_lexer": "ipython3",
   "version": "3.6.5"
  }
 },
 "nbformat": 4,
 "nbformat_minor": 2
}
